w;S1;S10;S2;S3;S4;S5;S6;S7;S8;S9;
1;1.485;0;0;0;1.463;0;0;0;0;6.208;
2;3.387;0;0;0;1.209;0;0;0;0;4.219;
3;2.293;0;0;0;1.11;0;0;0;0;0.657;
4;0;0;0;0;3.156;0;0;0;0;0;
5;0;0;0;0;1.438;0;0;0;0;0;
6;0;0;0;0;1.37;0;0;0;0;0;
7;0;0;0;0;1.499;0;0;0;0;0;
8;0;0;0;0;1.256;0;0;0;0;2.342;
9;0;0;0;0;1.262;0;0;0;0;0;
10;0;0;0;0;0;0;0;0;0;0;
11;0;0;0;0;0;0;0;0;0;0;
12;0;0;0;0;0;0;0;0;0;0;
13;0;0;0;0;0;0;0;0;0;0.638;
14;0;0;0;0;0;0;0;0;0;0.574;
15;0;0;0;0;0.388;0;0;0;0;0.437;
16;0;0;0;0;1.802;0;0;0;0;0.395;
17;0;0;0;0;0;0;0;0;0;0.334;
18;0;0;0;0;0;0;0;0;0;0.609;
19;0;0;0;0;0;0;0;0;0;0;
20;0;0;0;0;0;0;0;0;0;0.471;
21;0;0;0;0;0;0;0;0;0;0;
22;0;0;0;0;0;0;0;0;0;0;
23;0;0;0;0;0;0;0;0;0;0.184;
24;0;0;0;0;0;0;0;0;0;0.114;
25;0;0;0;0;0;0;0;0;0;0;
26;0;0;0;0;0;0;0;0;0;0.103;
27;0;0;0;0;0;0;0;0;0;0;
28;0.312;0;0;0;0;0;0;0;0;0;
29;0;0;0;0;0.118;0;0;0;0;0.006;
30;0;0;0;0;0.871;0;0;0;0;1.954;
31;0.217;0;0;0;0;0;0;0;0;0;
32;1.109;0;0;0;0;0;0;0;0;0.981;
33;0;0;0;0;0;0;0;0;0;0;
34;4.41;0;0;0;3.167;0;0;0;0;0;
35;1.8;0;0;0;0;0;0;0;0;0;
36;2.028;0;0;0;0;0;0;0;0;0;
37;0;0;0;0;0;0;0;0;0;0;
38;0;0;0;0;0;0;0;0;0;4.987;
39;0;0;0;0;0;0;0;0;0;0;
40;0;0;0;0;0.745;0;0;0;0;1.661;
41;0;0;0;0;3.536;0;0;0;0;0;
42;0;0;0;0;3.01;0;0;0;0;2.114;
43;0;0;0;0;2.184;0;0;0;0;1.422;
44;0;0;0;0;0;0;0;0;0;0.039;
45;0;0;0;0;0;0;0;0;0;2.581;
46;0;0;0;0;0;0;0;0;0;0;
47;0;0;0;0;0;0;0;0;0;0;
48;0;0;0;0;0;0;0;0;0;0;
49;0;0;0;0;1.207;0;0;0;0;0;
50;0;0;0;0;3.849;0;0;0;0;1.312;
51;0;0;0;0;0;0;0;0;0;1.276;
52;1.355;0;0;0;0;0;0;0;0;1.346;
1;0.726;0.616;0;1.781;0.627;0;0;0;0.026;0.649;
2;0.616;0.549;0;0;1.417;0;0;0;1.592;0.557;
3;0.422;0.484;0;0;0;0;0;0;0;0.494;
4;0.418;0.369;0;1.542;0;0;0;0;0;0.379;
5;0.354;1.112;0;0;0.297;0;0;0;0;0.368;
6;0.25;0;0;0;0.277;0;0;0;0;0.084;
7;0.216;0;0;0;0.203;0;0;0;0;3.708;
8;0.132;0;0;0;0.122;0;0;0;0;0;
9;0.107;0.178;0;0;0.097;0;0;0;0;1.843;
10;0;0.18;0;0;0;0;0;0;0;0.57;
11;4.248;0.092;0;0.185;0.056;0;0;0;0;0;
12;0.685;0;0;0;0.016;0;0;0;0;1.469;
13;0;0.056;0;0;0.938;0;0;0;0;0;
14;0;0.082;0;0.158;1.542;0;0;0;0;0;
15;0;0.256;0;0.507;0;0;0;0;0;0;
16;0;0.8;0;0;0.845;0;0;0;0;0;
17;0;0;0;1.614;0;0;0;0;0;0;
18;0;0;0;0;0;0;0;0;0;0;
19;0;0.599;0;0.335;0;0;0;0;0;0;
20;0;0;0;0;0;0;0;0;0;1.783;
21;0;4.32;0;0;0;0;0;0;0;0.527;
22;0;0;0;1.885;0;0;0;0;0;0;
23;0;0;0;0;5.62;0;0;0;0;0;
24;0;0;0;0;0.932;0;0;0;0.717;0;
25;0;0;0;4.42;0;0;0;0;0.689;0;
26;0;2.068;0;0;0;0;0;0;0;1.762;
27;5.747;0;0;0;0;0;0;0;3.798;0;
28;0;0;0;0;0;0;0;0;0;0;
29;0;0;0;0;2.612;0;0;0;0;0;
30;0;2.062;0;2.168;0.919;0;0;0;0;0;
31;4.241;0;0;0;0;0;0;0;6.053;0;
32;1.328;1.118;0;4.713;0;0;0;0;0;0;
33;0;1.286;0;0;0;0;0;0;0;1.164;
34;0;1.193;0;3.306;0;0;0;0;0;1.192;
35;0;1.332;0.968;0;1.246;0;0;0;0;3.964;
36;0;1.309;3.33;0;2.585;0;0;0;0;0;
37;1.323;1.255;1.943;0;0;0;0;0;2.693;0;
38;1.308;1.414;0;1.384;1.277;0;0;0;0;1.308;
39;1.145;1.213;0;2.769;6.374;0;0;0;0;1.409;
40;2.61;1.406;1.246;0;0;0;0;0;1.33;1.312;
41;0;1.313;2.207;1.304;0;0;0;0;0;1.375;
42;1.162;1.232;1.537;1.409;0;0;0;0;1.189;1.161;
43;1.29;1.421;1.282;1.367;0;0;0;0;1.299;1.169;
44;1.203;2.093;0;1.491;2.438;0;0;0;0;2.353;
45;1.689;0;0;2.99;2.98;0;0;0;1.234;0;
46;2.594;1.037;0;2.624;0;0;0;0;0;1.101;
47;0;4.087;0;0;0;0;0;0;5.354;1.044;
48;0;0.929;1.003;1.26;0;0;0;0;0;0.929;
49;0.952;0;0.867;0;0.945;0;0;0;0;0.841;
50;0.795;0;0.803;0;0.785;0;0;0;0;0.85;
51;0.689;0;0.733;0;0.602;0;0;0;0;0.806;
52;0.623;0;0.652;0.743;0.631;0;0;0;0;0.612;
1;0.132;0.408;0;0.154;4.537;0;0;0;2.718;0.044;
2;0.065;0;0;0.419;1.546;0;0;0;0;0.172;
3;0.235;0;0;0;0;0;0;0;0;0.832;
4;0.264;0.169;0;0.261;0;0;0;0;0;1.568;
5;0.161;0.28;0;1.597;0;0;0;0;0;0;
6;0.346;0.259;0;1.806;0;0;0;0;0;0;
7;0.264;0.403;0;1.66;0;0;0;0;0;0;
8;1.994;2.201;0;1.659;0;0;0;0;0;0;
9;0;0;0;1.512;0;0;0;0;0;0;
10;0;0;0;1.644;1.522;0;0;0;0;1.02;
11;0;1.26;0.031;0.71;0;0;0;0;3.422;0.156;
12;0.731;0;0;0.747;2.745;0;0;0;0;1.361;
13;1.72;0;0;0.237;0.557;0;0;0;0;0.716;
14;0;2.184;0;0;0;0;0;0;0;1.017;
15;2.672;5.771;0;0;0;0;0;0;0;0.182;
16;1.698;0;0;0;0;0;0;0;0;2.007;
17;0;1.25;0;0;0;0;0;0;0;1.361;
18;3.167;0;0;0;0;0;0;0;0;1.148;
19;1.477;0.591;0;0;0;0;0;0;0;0;
20;1.535;0;0;1.227;1.159;0;0;0;0;1.329;
21;1.567;0;0;6.737;2.555;0;0;0;0;1.242;
22;1.673;0;0;0;0;0;0;0;0;1.239;
23;0;1.316;0;0;1.255;0;0;0;0;2.246;
24;0;5.608;0;0;1.227;0;0;0;6.073;1.81;
25;0;1.993;0;0;1.329;0;0;0;0;0;
26;0.355;0;0;1.29;3.723;0;0;0;0;1.345;
27;1.404;0.156;0;1.267;1.306;0;0;0;0;1.273;
28;1.268;0;0;1.215;2.56;0;0;0;0;2.683;
29;1.225;0;0;1.418;0;0;0;0;0;0;
30;4.867;1.235;0;1.312;0;0;0;0;0;1.189;
31;0;4.161;0;1.265;0;0;0;0;0;1.178;
32;0;0;0;1.193;1.133;0;0;0;0;1.224;
33;0;2.343;0;1.211;6.711;0;0;0;0;1.132;
34;0.957;0;1.094;1.133;0;0;0;0;0;1.118;
35;1.003;0;0.969;0.953;1.474;0;0;0;0;1.065;
36;0.835;0;0.903;0.882;0.045;0;0;0;0;0.773;
37;0.85;0.737;0.767;0.923;0.171;0;0;0;0.836;0.954;
38;0.685;0.651;0.549;0.711;0;0;0;0;0.73;0.698;
39;0.7;0.649;0.724;0.675;0;0;0;0;0.74;0.687;
40;0.634;0.617;0;0.79;0;0;0;0;0;0.591;
41;0.552;0.51;0;0.527;0;0;0;0;0;0.512;
42;0.395;0.454;1.131;0.517;0;0;0;0;0;0.388;
43;0.289;0.64;0;1.494;0;0;0;0;0;0.389;
44;0.969;0;0;0;1.078;0;0;0;0;0.258;
45;0;0.327;0;0;0;0;0;0;0;0.248;
46;0;0.165;0;0;0;0;0;0;0;0.261;
47;0;0.18;0;0.173;0.22;0;0;0;0;0.106;
48;0.28;0;0;0.212;0.527;0;0;0;0;0.043;
49;0;0.125;0;0.111;0;0;0;0;0;0.398;
50;0;0.042;0;0.087;0;0;0;0;0;0;
51;0;0.05;0;0.09;0.112;0;0;0;0;0;
52;0.002;0.083;0;0;0.164;0;0;0;0;0.086;
1;0;0;0;0;1.023;0;0;0;0;0.979;
2;0;0;0;0;0.919;0;0;0;0;0.912;
3;0;0;0;0;2.013;0;0;0;0;0.987;
4;1.655;0;0;0;0;0;0;0;0;1.123;
5;0.924;0;0;0;1.215;0;0;0;0;1.044;
6;0;0;0;0;1.233;0;0;0;0;1.281;
7;0;0;0;0;1.208;0;0;0;0;1.106;
8;0;0;0;0;1.232;0;0;0;0;1.307;
9;0;0;0;0;1.351;0;0;0;0;1.367;
10;1.243;0;0;0;1.318;0;0;0;0;1.25;
11;1.261;0;0;0;2.624;0;0;0;0;2.714;
12;1.414;0;0;0;0.069;0;0;0;0;0;
13;1.29;0;0;0;1.405;0;0;0;0;1.356;
14;2.668;0;0;0;1.378;0;0;0;0;1.239;
15;0;0;0;0;1.336;0;0;0;0;1.294;
16;1.302;0;0;0;1.329;0;0;0;0;1.345;
17;1.278;0;0;0;2.593;0;0;0;0;1.285;
18;1.181;0;0;0;0;0;0;0;0;1.103;
19;1.179;0;0;0;1.238;0;0;0;0;1.186;
20;1.059;0;0;0;1.097;0;0;0;0;1.081;
21;1.169;0;0;0;1.033;0;0;0;0;0.991;
22;0.984;0;0;0;0.93;0;0;0;0;1.121;
23;0.813;0;0;0;0.775;0;0;0;0;0.78;
24;0.764;0;0;0;0.779;0;0;0;0;1.036;
25;0.869;0;0;0;0.78;0;0;0;0;2.55;
26;0;0;0;0;0.725;0;0;0;0;0;
27;0;0;0;0;1.574;0;0;0;0;0.376;
28;0.462;0;0;0;0;0;0;0;0;0;
29;0.569;0;0;0;0;0;0;0;0;0;
30;0.417;0;0;0;0.338;0;0;0;0;0.299;
31;0.364;0;0;0;0.284;0;0;0;0;5.192;
32;0.293;0;0;0;0.213;0;0;0;0;0;
33;0;0;0;0;0.504;0;0;0;0;0;
34;0;0;0;0;0;0;0;0;0;0;
35;0;0;0;0;0.15;0;0;0;0;0;
36;0;0;0;0;0.05;0;0;0;0;0;
37;0;0;0;0;0.104;0;0;0;0;0;
38;0;0;0;0;0;0;0;0;0;0;
39;0;0;0;0;0.199;0;0;0;0;0;
40;0;0;0;0;1.514;0;0;0;0;0;
41;0;0;0;0;0;0;0;0;0;0;
42;0;0;0;0;0;0;0;0;0;0;
43;0;0;0;0;0;0;0;0;0;0;
44;0.436;0;0;0;0;0;0;0;0;0;
45;0;0;0;0;0;0;0;0;0;0;
46;0.328;0;0;0;2.78;0;0;0;0;1.105;
47;0;0;0;0;0.523;0;0;0;0;0;
48;0;0;0;0;0;0;0;0;0;0;
49;0;0;0;0;0;0;0;0;0;0;
50;0;0;0;0;0;0;0;0;0;0;
51;0;0;0;0;0;0;0;0;0;0;
52;0;0;0;0;0;0;0;0;0;0.833;